{'f1': 0.5974718351190272,
 'macro_accuracy': 0.5972702384164255,
 'micro_accuracy': 0.8915992009252445,
 'precision': 0.6054763587673092,
 'recall': 0.5972702384164255}