{'f1': 0.44977532599710207,
 'macro_accuracy': 0.4578524901163928,
 'micro_accuracy': 0.8804542109136789,
 'precision': 0.4479073093309402,
 'recall': 0.4578524901163928}