{'f1': 0.7691884883036446,
 'macro_accuracy': 0.7673393325889157,
 'micro_accuracy': 0.9239827568079066,
 'precision': 0.8017589595199784,
 'recall': 0.7673393325889157}