{'f1': 0.6051859303602404,
 'macro_accuracy': 0.6024206055759801,
 'micro_accuracy': 0.9080012616969825,
 'precision': 0.7401006988458656,
 'recall': 0.6024206055759801}