{'f1': 0.841744436063771,
 'macro_accuracy': 0.8323242806843366,
 'micro_accuracy': 0.9338660498370308,
 'precision': 0.8563093137903733,
 'recall': 0.8323242806843366}