{'f1': 0.7019542979643214,
 'macro_accuracy': 0.6932812465060504,
 'micro_accuracy': 0.9209336557670066,
 'precision': 0.7449172256883058,
 'recall': 0.6932812465060504}