{'f1': 0.6085373134795113,
 'macro_accuracy': 0.627697057064578,
 'micro_accuracy': 0.9026390495216066,
 'precision': 0.6481298094451545,
 'recall': 0.627697057064578}