{'f1': 0.7376026394701775,
 'macro_accuracy': 0.7600255162696559,
 'micro_accuracy': 0.9138891809483756,
 'precision': 0.7608999121322717,
 'recall': 0.7600255162696559}