{'f1': 0.5792618057343659,
 'macro_accuracy': 0.5949438063250069,
 'micro_accuracy': 0.903900746504048,
 'precision': 0.57756757342774,
 'recall': 0.5949438063250069}