{'f1': 0.7322827775881613,
 'macro_accuracy': 0.7481064116866867,
 'micro_accuracy': 0.9115760698138997,
 'precision': 0.7361156388405058,
 'recall': 0.7481064116866867}