{'f1': 0.864839283431056,
 'macro_accuracy': 0.9028315961439711,
 'micro_accuracy': 0.9363894438019136,
 'precision': 0.8456282954321008,
 'recall': 0.9028315961439711}