{'f1': 0.6889154963577598,
 'macro_accuracy': 0.7136393127999914,
 'micro_accuracy': 0.922195352749448,
 'precision': 0.6858987379127873,
 'recall': 0.7136393127999914}