{'f1': 0.9113396477123131,
 'macro_accuracy': 0.9289731461645463,
 'micro_accuracy': 0.942803070129324,
 'precision': 0.8978562688225362,
 'recall': 0.9289731461645463}