{'f1': 0.7484395937349367,
 'macro_accuracy': 0.7465198926201513,
 'micro_accuracy': 0.9291346861528756,
 'precision': 0.7882258633853256,
 'recall': 0.7465198926201513}