{'f1': 0.7959051622053014,
 'macro_accuracy': 0.8517403654710795,
 'micro_accuracy': 0.9108400799074755,
 'precision': 0.8001794006126166,
 'recall': 0.8517403654710795}