{'f1': 0.6383724563603682,
 'macro_accuracy': 0.6771460936286617,
 'micro_accuracy': 0.8949637262117548,
 'precision': 0.6573797276878298,
 'recall': 0.6771460936286617}