{'f1': 0.8100882600179172,
 'macro_accuracy': 0.8253971170734569,
 'micro_accuracy': 0.9290295447376722,
 'precision': 0.8325321896574129,
 'recall': 0.8253971170734569}