{'f1': 0.6728003471972553,
 'macro_accuracy': 0.6802397466187612,
 'micro_accuracy': 0.9152560193460204,
 'precision': 0.7196424145348077,
 'recall': 0.6802397466187612}