{'f1': 0.6401735741890336,
 'macro_accuracy': 0.6294184556314076,
 'micro_accuracy': 0.8892860897907686,
 'precision': 0.6865266269369212,
 'recall': 0.6294184556314076}