{'f1': 0.7611527381123815,
 'macro_accuracy': 0.758221781775926,
 'micro_accuracy': 0.9026390495216066,
 'precision': 0.7970767648003739,
 'recall': 0.758221781775926}