{'f1': 0.7153153261824391,
 'macro_accuracy': 0.7180169669429696,
 'micro_accuracy': 0.9240878982231101,
 'precision': 0.7606898525736513,
 'recall': 0.7180169669429696}