{'f1': 0.8940261112520995,
 'macro_accuracy': 0.9055894156777009,
 'micro_accuracy': 0.9365997266323205,
 'precision': 0.8854117368096535,
 'recall': 0.9055894156777009}