{'f1': 0.605504300554896,
 'macro_accuracy': 0.6024877557237104,
 'micro_accuracy': 0.9081064031121859,
 'precision': 0.7410988230141212,
 'recall': 0.6024877557237104}