{'f1': 0.769243938239875,
 'macro_accuracy': 0.7674113423822476,
 'micro_accuracy': 0.9240878982231101,
 'precision': 0.8017911039935921,
 'recall': 0.7674113423822476}