{'f1': 0.6904814524321611,
 'macro_accuracy': 0.695145886630927,
 'micro_accuracy': 0.9286089790768584,
 'precision': 0.7067615292315298,
 'recall': 0.695145886630927}