{'f1': 0.8850585653800639,
 'macro_accuracy': 0.895101963495236,
 'micro_accuracy': 0.9440647671117653,
 'precision': 0.8783760733227335,
 'recall': 0.895101963495236}