{'f1': 0.8393054998736269,
 'macro_accuracy': 0.8777023862175353,
 'micro_accuracy': 0.9319735043633687,
 'precision': 0.8423562495129931,
 'recall': 0.8777023862175353}