{'f1': 0.6688636187518782,
 'macro_accuracy': 0.6914047003005205,
 'micro_accuracy': 0.9167279991588687,
 'precision': 0.6953356056287264,
 'recall': 0.6914047003005205}