{'f1': 0.4573395803143458,
 'macro_accuracy': 0.4653791600724138,
 'micro_accuracy': 0.8828724634633582,
 'precision': 0.45599256782576786,
 'recall': 0.4653791600724138}