{'f1': 0.6052741528590019,
 'macro_accuracy': 0.606338917184362,
 'micro_accuracy': 0.8919146251708548,
 'precision': 0.6151197080902906,
 'recall': 0.606338917184362}